[20.999999403953552, 1.69127931073308, 3.1056663170456886, 3.5360528081655502, 3.536467099096626, 2.5255866376683116, 1.918903274461627, 1.452642634510994, 2.337120797485113, 2.427025727927685, 4.769863841822371, 2.560337663628161, 2.2523739598691463, 1.9642213881015778, 2.07062697224319, 2.686996162869036, 5.2346466183662415, 2.9204915687441826, 3.061058646067977, 2.4551728181540966, 3.4805750139057636, 2.9691226109862328, 2.540494787041098, 2.6045765690505505, 1.5172839909791946, 1.2469632402062416, 1.6156715378165245, 3.4538242360576987, 2.6193210035562515, 2.6885619536042213, 2.798313442617655, 2.816346302628517, 3.658228205051273, 3.5735710375010967, 1.6724613271653652, 3.4030193788930774, 1.372328795492649, 4.091125821694732, 2.820675164461136, 2.5708483047783375, 3.233676206320524, 3.3950687078759074, 1.391883723437786, 2.0609663836658, 3.2195058539509773, 2.981415681540966, 3.7042324990034103, 2.9458673164481297, 1.376376785337925, 1.3124133944511414, 2.727909093722701, 3.0206721099093556, 1.843657661229372, 3.1879878230392933],[1.69127931073308, 6.999999821186066, 2.4110078532248735, 3.3453944846987724, 1.6028300896286964, 1.612200140953064, 2.352536200545728, 1.3489912636578083, 2.410789368674159, 1.3162609823048115, 3.477257490158081, 1.6017030775547028, 3.363970212638378, 1.5404731146991253, 1.6624621748924255, 1.7019968926906586, 1.67527674138546, 2.60907232016325, 2.6808922439813614, 1.6465093046426773, 2.549967024475336, 1.5708269029855728, 1.7044327929615974, 1.6508778408169746, 1.2326420145109296, 1.2492937631905079, 1.2846107296645641, 1.538664273917675, 1.556644331663847, 0.585928266053088, 1.6078738048672676, 0.8312438502907753, 1.5826624184846878, 1.5877972580492496, 1.2790515162050724, 1.634183593094349, 2.2331969756633043, 1.507266465574503, 2.3596140118315816, 1.673755630850792, 1.5723528638482094, 1.569310151040554, 2.2275866381824017, 1.4333264362066984, 1.6646964587271214, 0.6593802273273468, 1.733592428267002, 3.3668846152722836, 2.361989051103592, 1.2826909562572837, 1.8683025240898132, 0.9035174399614334, 2.4564621038734913, 1.5981705281883478],[3.1056663170456886, 2.4110078532248735, 12.99999988079071, 1.89093207847327, 3.227140925824642, 3.9572562873363495, 2.654660609550774, 2.3069786615669727, 2.7879575518891215, 3.3013939261436462, 4.85309886187315, 2.254909250885248, 2.9068537468556315, 3.614800561219454, 1.3331822976469994, 2.2379843704402447, 4.943012189120054, 3.986761324107647, 4.0677321925759315, 2.200965433381498, 2.9810634180903435, 3.498898120597005, 2.214150970801711, 3.0384250804781914, 1.2230994086712599, 1.2971766516566277, 1.3686517719179392, 2.071579184383154, 2.7122417241334915, 1.606471050530672, 2.220854565501213, 3.0472503639757633, 4.026836179196835, 2.7897198582068086, 1.7874394431710243, 3.065435867756605, 1.3583976924419403, 3.8423765804618597, 2.5090410206466913, 2.246849788352847, 1.9755312744528055, 3.0795456785708666, 2.248080115765333, 1.8724051043391228, 2.8401334676891565, 1.8215349931269884, 2.201284382492304, 1.924612196162343, 2.276287265121937, 1.3414802849292755, 3.209345430135727, 3.0176229402422905, 2.677379349246621, 1.8594788033515215],[3.5360528081655502, 3.3453944846987724, 1.89093207847327, 13.99999988079071, 4.184501577168703, 2.2436581756919622, 4.480035129934549, 1.5642559602856636, 2.663064267486334, 1.6116955056786537, 4.107123255729675, 2.1486200084909797, 5.833858476486057, 3.635126670822501, 4.958516504615545, 2.079570859670639, 4.00647446513176, 3.005864415317774, 4.209895744919777, 2.5433764420449734, 2.313168987631798, 2.712219421286136, 2.0555091127753258, 2.434928350150585, 3.2544134333729744, 1.2930795922875404, 1.5017032697796822, 4.109518093056977, 1.6886049173772335, 1.5910095582948998, 3.0434303879737854, 1.5153045356273651, 2.3619579151272774, 3.9707865095697343, 1.762536559253931, 2.3485744390636683, 1.3994225189089775, 3.9875006787478924, 4.54244564473629, 2.2220418518409133, 3.880327540799044, 4.90507285296917, 2.228792428970337, 1.8832010561600327, 2.9413427598774433, 2.5875240955501795, 3.3168979436159134, 3.0041926467092708, 1.3683532364666462, 1.32451943308115, 5.1928907334804535, 4.2960474118590355, 2.6413559950888157, 2.9311118962359615],[3.536467099096626, 1.6028300896286964, 3.227140925824642, 4.184501577168703, 21.999999701976776, 2.6241749227046967, 2.7908849036321044, 1.5377097427845001, 2.4641221165657043, 2.5362288504838943, 3.9948571438435465, 2.5729848109185696, 4.291457297280431, 2.8212921880185604, 4.04556487489026, 2.5307176634669304, 5.804527381435037, 3.1960389701416716, 3.2732885032892227, 2.717098969966173, 2.72054708795622, 2.1539578698575497, 2.6604913901537657, 2.923627346754074, 1.4824320375919342, 1.3458580449223518, 1.6235239282250404, 2.4008322006557137, 1.949123278260231, 2.582576386630535, 3.7746143247932196, 3.79316235659644, 4.1502529802965, 2.7145133540034294, 1.8861109241843224, 2.850663997232914, 1.3929045274853706, 5.265818381682038, 1.8609385192394257, 2.702044505625963, 3.295399311929941, 3.490394211723469, 1.519585095345974, 2.0549011677503586, 3.482268512248993, 2.8650227040052414, 4.764038622379303, 3.4789803437888622, 1.4369184225797653, 1.318289376795292, 3.737034048885107, 4.745414990466088, 1.8412730358541012, 4.239358052611351],[2.5255866376683116, 1.612200140953064, 3.9572562873363495, 2.2436581756919622, 2.6241749227046967, 17.99999988079071, 1.8038204703480005, 1.443591520190239, 2.1899796668440104, 1.6566627770662308, 2.812971881707199, 2.4489338705316186, 3.0157632254995406, 2.681207988411188, 1.864946013316512, 3.3360269877593964, 3.535174546763301, 3.595875279046595, 3.7840260043740273, 2.576366770081222, 3.41759149543941, 3.9280770383775234, 2.451083983294666, 3.4532059989869595, 1.3721835687756538, 1.3360046818852425, 2.433001257479191, 2.1878285631537437, 1.7934402972459793, 0.7881226725876331, 2.4446833292022347, 2.6909344121813774, 4.398805960547179, 2.301175530999899, 1.893400862812996, 3.2640768699347973, 1.4151172563433647, 3.2730099111795425, 2.687423601746559, 2.3901909347623587, 2.3960017366334796, 2.256579271517694, 1.4671019911766052, 1.973536815494299, 3.2270125169306993, 1.244602993130684, 3.469753799960017, 3.1609390061348677, 2.2896648049354553, 1.3336168378591537, 2.6541134789586067, 1.8638090305030346, 2.8406118117272854, 2.3042724579572678],[1.918903274461627, 2.352536200545728, 2.654660609550774, 4.480035129934549, 2.7908849036321044, 1.8038204703480005, 9.999999940395355, 1.4283054359257221, 3.5129184797406197, 2.460215277969837, 1.911904163658619, 1.7183767780661583, 4.487258762121201, 3.433805384673178, 2.865436492487788, 1.798612553626299, 4.62709267437458, 4.521172326058149, 4.612952329218388, 1.7810352742671967, 2.606598883867264, 1.7490016110241413, 1.822154700756073, 2.825522657483816, 1.25119424238801, 1.368219181895256, 1.5153269246220589, 2.693022646009922, 2.6073645129799843, 0.6237227898091078, 2.7157767973840237, 1.9237766787409782, 1.9911022037267685, 1.5940657574683428, 1.536140379263088, 2.961960770189762, 2.282958060503006, 2.808369930833578, 2.5710004791617393, 1.723602194339037, 1.9506641626358032, 6.358681470155716, 2.229328081011772, 1.8100252971053123, 2.6018809732049704, 0.8503049612045288, 2.1133441776037216, 1.8730876687914133, 1.31862854026258, 1.292045220732689, 3.7359669655561447, 1.9342812597751617, 2.603385209105909, 2.469849538989365],[1.452642634510994, 1.3489912636578083, 2.3069786615669727, 1.5642559602856636, 1.5377097427845001, 1.443591520190239, 1.4283054359257221, 6.0, 1.437482088804245, 2.290787043981254, 1.6077737882733345, 1.5603570230305195, 1.4442278519272804, 1.5055482685565948, 0.761205680668354, 1.606051728129387, 1.4550430327653885, 1.6013763025403023, 1.7119168639183044, 1.5301817506551743, 1.5815843120217323, 1.4986512213945389, 1.5605264157056808, 2.4448190331459045, 1.3847970739006996, 2.975063867866993, 2.320754626765847, 1.4714965298771858, 2.3878172114491463, 0.4816669188439846, 2.5730154886841774, 1.5408319234848022, 1.683422364294529, 1.5376266539096832, 1.535277308896184, 1.5177253037691116, 1.114795759320259, 1.5134765058755875, 1.4869117215275764, 1.6233515031635761, 1.4710414484143257, 1.5715560764074326, 2.1768978629261255, 1.3917865082621574, 1.5443334951996803, 0.6289440840482712, 2.469107508659363, 1.4566714465618134, 1.2089111870154738, 1.1917858319357038, 1.6524401158094406, 1.532905675470829, 1.331259762402624, 1.5097335688769817],[2.337120797485113, 2.410789368674159, 2.7879575518891215, 2.663064267486334, 2.4641221165657043, 2.1899796668440104, 3.5129184797406197, 1.437482088804245, 13.999999761581421, 4.1765449941158295, 4.149774074554443, 2.4443339444696903, 3.88494148850441, 1.7710719965398312, 2.3882520478218794, 2.423144768923521, 4.018805909901857, 5.948817491531372, 5.165666781365871, 2.2482883376069367, 3.8255603834986687, 1.8123739445582032, 2.2402724400162697, 2.2360928542912006, 1.2764290682971478, 1.2449940890073776, 1.6689861863851547, 4.780111005529761, 2.7727170288562775, 0.7364132925868034, 4.079702518880367, 3.2570536732673645, 3.4055982269346714, 2.0292029986158013, 1.8010588828474283, 2.9946120642125607, 3.193934828042984, 2.2830610796809196, 1.574185073375702, 2.2181185791268945, 3.356127355247736, 4.039047183468938, 4.077094621956348, 2.795345632475801, 3.9382283873856068, 1.0799789582379162, 3.982712896540761, 2.919827287318185, 1.3419678956270218, 1.2704878896474838, 3.1414449140429497, 2.1091966815292835, 3.470221199095249, 3.8380036018788815],[2.427025727927685, 1.3162609823048115, 3.3013939261436462, 1.6116955056786537, 2.5362288504838943, 1.6566627770662308, 2.460215277969837, 2.290787043981254, 4.1765449941158295, 7.0, 2.5203947126865387, 1.7755453437566757, 2.4647692665457726, 1.4782890425994992, 1.6796202287077904, 1.7937648072838783, 3.424883209168911, 3.442024938762188, 2.54719440639019, 1.6756473444402218, 2.3991546109318733, 1.3546955259516835, 1.7755453437566757, 1.7292516008019447, 1.1676944680511951, 1.29751318693161, 1.33998460508883, 3.4494793117046356, 3.424345649778843, 1.4346661623567343, 1.6951020509004593, 3.431427486240864, 2.5297770872712135, 1.6418052986264229, 1.5243203714489937, 2.484352618455887, 2.124045580625534, 2.5304180160164833, 1.5106398724019527, 1.8076371550559998, 1.6512460112571716, 2.592046096920967, 1.2538143210113049, 1.5493986196815968, 2.5168872475624084, 1.39211742952466, 1.7510981634259224, 1.7038083970546722, 1.2897784784436226, 1.2464017383754253, 1.7558042630553246, 2.468244668096304, 1.431556548923254, 1.510784838348627],[4.769863841822371, 3.477257490158081, 4.85309886187315, 4.107123255729675, 3.9948571438435465, 2.812971881707199, 1.911904163658619, 1.6077737882733345, 4.149774074554443, 2.5203947126865387, 22.999999403953552, 2.837186262011528, 3.3787128403782845, 2.889036014676094, 1.8531720277387649, 2.8922127187252045, 3.8857006076723337, 5.494579626247287, 6.863518700003624, 2.6479337457567453, 4.549049731343985, 3.9941808730363846, 2.9493338353931904, 4.6281461655162275, 1.4187433049082756, 1.3090650588274002, 1.6982067450881004, 2.700739497318864, 3.696337327361107, 1.8360279873013496, 4.46135519258678, 3.7660441789776087, 5.790732800262049, 4.146507702767849, 2.0218720212578773, 3.5052682869136333, 1.4899716079235077, 3.7886353470385075, 1.9377519190311432, 2.9932686388492584, 4.085213525220752, 5.438933694735169, 2.3318279162049294, 1.9423537887632847, 3.5085900835692883, 2.2513122633099556, 4.049023738130927, 4.2570701614022255, 1.50540941208601, 1.302163504064083, 4.5072829416021705, 3.713737715035677, 2.7348730713129044, 3.31677757576108],[2.560337663628161, 1.6017030775547028, 2.254909250885248, 2.1486200084909797, 2.5729848109185696, 2.4489338705316186, 1.7183767780661583, 1.5603570230305195, 2.4443339444696903, 1.7755453437566757, 2.837186262011528, 16.999999821186066, 2.252748252823949, 1.9547711536288261, 1.80551977455616, 9.748705204576254, 2.62027907371521, 2.7158252336084843, 2.8635304532945156, 6.126630565151572, 2.47184332087636, 1.9839565679430962, 14.279026921838522, 2.4796259347349405, 1.4840704575181007, 1.315576195716858, 1.5856296606361866, 2.226531209773384, 1.7418963350355625, 0.6637135781347752, 2.6022798172198236, 1.7309412844479084, 2.844582149758935, 2.5337566174566746, 1.8473144751042128, 2.547295890748501, 1.3282070495188236, 2.360577791929245, 1.8352086059749126, 15.098311447538435, 2.3920698469737545, 2.3772473707795143, 1.42619938403368, 2.1260200776159763, 2.399115279316902, 1.123949259519577, 2.5872215684503317, 2.286993406713009, 1.3974710404872894, 1.3449636176228523, 2.4524320559576154, 1.7885990142822266, 1.9106497690081596, 2.2179351039230824],[2.2523739598691463, 3.363970212638378, 2.9068537468556315, 5.833858476486057, 4.291457297280431, 3.0157632254995406, 4.487258762121201, 1.4442278519272804, 3.88494148850441, 2.4647692665457726, 3.3787128403782845, 2.252748252823949, 14.999999523162842, 3.6888206228613853, 2.6175240129232407, 2.5537622086703777, 5.004958966746926, 3.2437633275985718, 4.368508294224739, 2.1691246405243874, 5.014747906476259, 1.8162843929603696, 2.2927952110767365, 2.265279559418559, 1.4593925178050995, 1.2775746583938599, 1.5286409221589565, 3.214326923713088, 2.70415373519063, 1.6576798260211945, 3.19062539935112, 2.502003565430641, 3.3860344775021076, 2.2870515631511807, 1.9814548529684544, 4.021760019273643, 2.252862300723791, 5.965708680450916, 2.740048311650753, 2.2742532212287188, 3.1620509593049064, 4.869610138237476, 2.1896254420280457, 1.8713584223296493, 4.904836440458894, 2.0623702108860016, 3.3955340832471848, 3.769072502385825, 2.226882889866829, 1.3604669868946075, 4.386729449033737, 3.422173012048006, 2.756989970803261, 3.2006819173693657],[1.9642213881015778, 1.5404731146991253, 3.614800561219454, 3.635126670822501, 2.8212921880185604, 2.681207988411188, 3.433805384673178, 1.5055482685565948, 1.7710719965398312, 1.4782890425994992, 2.889036014676094, 1.9547711536288261, 3.6888206228613853, 9.999999940395355, 1.084454521536827, 2.0597868971526623, 2.836267367005348, 3.6444322913885117, 2.9110142663121223, 2.099575959146023, 2.726843062788248, 3.447647680528462, 1.9779342859983444, 2.821625702083111, 1.3038002252578735, 1.216663882136345, 1.4917282313108444, 1.8186329621821642, 1.5604734867811203, 0.6631897985935211, 2.7448137402534485, 1.1132441945374012, 1.9825986251235008, 2.6633673682808876, 1.6434450075030327, 1.7990594282746315, 1.3614690899848938, 2.9572397470474243, 1.6690693814307451, 1.9324223957955837, 1.9566849544644356, 3.7852726951241493, 1.3139964267611504, 1.909865353256464, 1.7769235279411077, 1.934856042265892, 1.9057419039309025, 1.9791974052786827, 2.2082844376564026, 1.2406333461403847, 5.44019640237093, 1.9400192946195602, 1.6294371951371431, 2.622480871155858],[2.07062697224319, 1.6624621748924255, 1.3331822976469994, 4.958516504615545, 4.04556487489026, 1.864946013316512, 2.865436492487788, 0.761205680668354, 2.3882520478218794, 1.6796202287077904, 1.8531720277387649, 1.80551977455616, 2.6175240129232407, 1.084454521536827, 22.99999964237213, 1.7425562739372253, 3.8778586499392986, 5.43618478346616, 6.991379752755165, 1.9909954145550728, 2.798951134085655, 2.1509282886981964, 1.8699160888791084, 2.9285988844931126, 2.384065844118595, 0.5577496662735939, 0.7768238261342049, 2.3153949351981282, 1.0638106800615788, 3.5940470099449158, 1.8892655363306403, 4.014670595293865, 2.252738682553172, 2.301011830335483, 1.1489782482385635, 2.5768947303295135, 0.6159646362066269, 2.5308147817850113, 2.7308105006814003, 1.9740684814751148, 3.3615559488534927, 2.6115939803421497, 0.6150195673108101, 2.089563515037298, 2.715647339820862, 4.730057939887047, 3.011744825169444, 3.3503933139145374, 1.442538507282734, 0.6281823217868805, 3.8889848925173283, 5.685971021652222, 2.0051867812871933, 2.222758077085018],[2.686996162869036, 1.7019968926906586, 2.2379843704402447, 2.079570859670639, 2.5307176634669304, 3.3360269877593964, 1.798612553626299, 1.606051728129387, 2.423144768923521, 1.7937648072838783, 2.8922127187252045, 9.748705204576254, 2.5537622086703777, 2.0597868971526623, 1.7425562739372253, 18.99999976158142, 2.767178673297167, 2.790011243108893, 3.055060811340809, 6.910417001694441, 2.6754456385970116, 2.128146715462208, 9.696335185319185, 2.645053720101714, 1.4351859390735626, 1.3071755766868591, 1.596487544476986, 2.252522174268961, 1.7952303662896156, 0.8410714641213417, 2.8597130700945854, 1.811491550412029, 3.025303527712822, 2.3681853702291846, 1.8018707875162363, 2.445452504325658, 1.4264083877205849, 2.494683774188161, 1.7111761793494225, 9.66495902184397, 2.462040014564991, 2.499685872346163, 1.4671720117330551, 2.2305585741996765, 2.646988458931446, 1.17722599953413, 2.9305208064615726, 2.1899722516536713, 1.4763761535286903, 1.3045756965875626, 2.683843245729804, 1.7867841618135571, 1.9295358881354332, 2.4223705902695656],[5.2346466183662415, 1.67527674138546, 4.943012189120054, 4.00647446513176, 5.804527381435037, 3.535174546763301, 4.62709267437458, 1.4550430327653885, 4.018805909901857, 3.424883209168911, 3.8857006076723337, 2.62027907371521, 5.004958966746926, 2.836267367005348, 3.8778586499392986, 2.767178673297167, 21.99999976158142, 5.685624208301306, 4.996995624154806, 2.3071006406098604, 3.7437121821567416, 2.0042603127658367, 2.5677360156551003, 2.7627755841240287, 1.4258082620799541, 1.2500071749091148, 1.5445841997861862, 4.348351240158081, 3.5925875790417194, 2.593848206102848, 3.6468601329252124, 5.063470091670752, 4.758545004762709, 3.44821616075933, 1.9989411160349846, 4.538935221731663, 2.3019222542643547, 6.132826442597434, 1.8436203971505165, 2.5934313060715795, 3.411137629300356, 5.2294862400740385, 2.2807720080018044, 2.2680804282426834, 5.151026267558336, 2.9427435621619225, 4.741666469722986, 2.4103264324367046, 2.376571573317051, 1.3132039532065392, 3.6377154206857085, 4.848500814056024, 3.784538410604, 4.163116179406643],[2.9204915687441826, 2.60907232016325, 3.986761324107647, 3.005864415317774, 3.1960389701416716, 3.595875279046595, 4.521172326058149, 1.6013763025403023, 5.948817491531372, 3.442024938762188, 5.494579626247287, 2.7158252336084843, 3.2437633275985718, 3.6444322913885117, 5.43618478346616, 2.790011243108893, 5.685624208301306, 21.99999976158142, 8.309418603777885, 2.598886235617101, 4.445055725052953, 3.979081131517887, 2.821726281195879, 4.509404608048499, 1.4226767122745514, 1.3832827880978584, 1.7760740518569946, 6.03970174031565, 2.7702032551169395, 0.7583555690944195, 3.436723467428237, 5.557264170842245, 4.472628496820107, 3.3246691450476646, 2.0454288870096207, 6.1815416775643826, 3.2724321335554123, 2.527574673295021, 2.6072214506566525, 2.668686118442565, 4.177883688360453, 4.40231953561306, 1.4989147558808327, 2.9184479527175426, 5.071524705737829, 1.2375782690942287, 4.006596500985324, 3.1698293276131153, 3.1936993151903152, 1.2963234316557646, 5.468782983720303, 3.6842548646964133, 1.899710588157177, 4.012743983417749],[3.061058646067977, 2.6808922439813614, 4.0677321925759315, 4.209895744919777, 3.2732885032892227, 3.7840260043740273, 4.612952329218388, 1.7119168639183044, 5.165666781365871, 2.54719440639019, 6.863518700003624, 2.8635304532945156, 4.368508294224739, 2.9110142663121223, 6.991379752755165, 3.055060811340809, 4.996995624154806, 8.309418603777885, 26.999999582767487, 2.8647376522421837, 8.145473949611187, 4.041183061897755, 2.9394752494990826, 7.241521082818508, 3.220897749066353, 1.4513667970895767, 2.650297001004219, 4.745430106297135, 2.7105351239442825, 0.9800230674445629, 3.803535956889391, 4.214769247919321, 5.077416844666004, 5.225289572030306, 1.9683703407645226, 3.7536257952451706, 2.3845389261841774, 2.733439691364765, 3.656752958893776, 3.071998432278633, 3.5551412031054497, 7.039881497621536, 2.4343980997800827, 2.9955763556063175, 4.552237380295992, 3.3614349141716957, 4.258411920629442, 4.207951568067074, 2.381804831326008, 1.3141168653964996, 6.572048146277666, 5.104776382446289, 2.946036770939827, 3.2995737120509148],[2.4551728181540966, 1.6465093046426773, 2.200965433381498, 2.5433764420449734, 2.717098969966173, 2.576366770081222, 1.7810352742671967, 1.5301817506551743, 2.2482883376069367, 1.6756473444402218, 2.6479337457567453, 6.126630565151572, 2.1691246405243874, 2.099575959146023, 1.9909954145550728, 6.910417001694441, 2.3071006406098604, 2.598886235617101, 2.8647376522421837, 16.99999988079071, 2.487081231549382, 2.045437391847372, 6.009254716336727, 3.4258216321468353, 1.6186066716909409, 1.2488598003983498, 1.7515306249260902, 2.359897518530488, 1.8039098158478737, 0.8501350432634354, 2.612393708899617, 1.7505239732563496, 2.700235817581415, 2.6192996576428413, 1.77925088070333, 2.5014520748518407, 1.443752072751522, 2.534482588991523, 1.8391697704792023, 6.151525376364589, 2.4386334605515003, 2.502107275649905, 1.4131269082427025, 2.200602173805237, 2.570858169347048, 1.0648012971505523, 2.6452687308192253, 2.2323500141501427, 1.4004365727305412, 1.3336565047502518, 2.7892845571041107, 1.911082435399294, 1.8015499413013458, 2.439559031277895],[3.4805750139057636, 2.549967024475336, 2.9810634180903435, 2.313168987631798, 2.72054708795622, 3.41759149543941, 2.606598883867264, 1.5815843120217323, 3.8255603834986687, 2.3991546109318733, 4.549049731343985, 2.47184332087636, 5.014747906476259, 2.726843062788248, 2.798951134085655, 2.6754456385970116, 3.7437121821567416, 4.445055725052953, 8.145473949611187, 2.487081231549382, 18.999999701976776, 3.043333150446415, 2.4743559565395117, 4.210122790187597, 1.478816770017147, 1.303604044020176, 1.6720644980669022, 3.191911418456584, 3.6420274823904037, 1.0478685423731804, 3.5693966392427683, 3.485400840640068, 4.698930891230702, 2.2474580376874655, 2.7312358878552914, 5.1473540887236595, 2.2689266465604305, 3.244410028681159, 2.7439022064208984, 2.4766594832763076, 2.397033297456801, 3.2780338381417096, 1.3666688688099384, 2.1647112667560577, 5.209061596542597, 2.205459240823984, 3.7255631308071315, 3.231505211442709, 2.3542481064796448, 1.3859305083751678, 3.5893862564116716, 2.7579849045723677, 1.7557478304952383, 3.1514621265232563],[2.9691226109862328, 1.5708269029855728, 3.498898120597005, 2.712219421286136, 2.1539578698575497, 3.9280770383775234, 1.7490016110241413, 1.4986512213945389, 1.8123739445582032, 1.3546955259516835, 3.9941808730363846, 1.9839565679430962, 1.8162843929603696, 3.447647680528462, 2.1509282886981964, 2.128146715462208, 2.0042603127658367, 3.979081131517887, 4.041183061897755, 2.045437391847372, 3.043333150446415, 11.999999940395355, 1.8031894713640213, 3.061952903866768, 3.22960451990366, 1.2854954823851585, 1.353905743220821, 1.5630838400684297, 1.749535446986556, 0.8102852441370487, 2.229210764169693, 2.1179875694215298, 3.0468853265047073, 2.78760202229023, 1.5689799394458532, 1.9074938744306564, 1.2844972806051373, 1.8826533649116755, 2.6203883439302444, 1.9888942576944828, 2.0464803613722324, 1.9422842003405094, 1.3667032159864902, 1.85115722194314, 1.857747031841427, 2.114648673683405, 1.9808815028518438, 2.000488542020321, 2.2377271205186844, 1.258151188492775, 2.8726954953745008, 1.9761257264763117, 1.7962888665497303, 1.8407551469281316],[2.540494787041098, 1.7044327929615974, 2.214150970801711, 2.0555091127753258, 2.6604913901537657, 2.451083983294666, 1.822154700756073, 1.5605264157056808, 2.2402724400162697, 1.7755453437566757, 2.9493338353931904, 14.279026921838522, 2.2927952110767365, 1.9779342859983444, 1.8699160888791084, 9.696335185319185, 2.5677360156551003, 2.821726281195879, 2.9394752494990826, 6.009254716336727, 2.4743559565395117, 1.8031894713640213, 17.999999940395355, 2.4416227182373405, 1.3954837061464787, 1.315576195716858, 1.5549460910260677, 2.0602597318356857, 1.8286142908036709, 0.6942025236785412, 2.4128312384709716, 1.9864880740642548, 3.0276166312396526, 2.4870134005323052, 1.8452689182013273, 2.431174161261879, 1.36271595582366, 2.4265563897788525, 1.7534882128238678, 14.121530782431364, 2.4006311893463135, 2.1706406120210886, 1.45340596139431, 2.072791539132595, 2.4645213559269905, 1.06497473269701, 2.6367734763771296, 2.2602777294814587, 1.4315858110785484, 1.3355416283011436, 2.5317121744155884, 1.872540220618248, 1.918832991272211, 2.1396659705787897],[2.6045765690505505, 1.6508778408169746, 3.0384250804781914, 2.434928350150585, 2.923627346754074, 3.4532059989869595, 2.825522657483816, 2.4448190331459045, 2.2360928542912006, 1.7292516008019447, 4.6281461655162275, 2.4796259347349405, 2.265279559418559, 2.821625702083111, 2.9285988844931126, 2.645053720101714, 2.7627755841240287, 4.509404608048499, 7.241521082818508, 3.4258216321468353, 4.210122790187597, 3.061952903866768, 2.4416227182373405, 17.999999701976776, 2.309929095208645, 2.2987889796495438, 1.6417374536395073, 2.2388241309672594, 1.854523591697216, 0.9205150008201599, 2.488659241818823, 2.9665527176111937, 2.7542257285676897, 4.862119624391198, 2.699274379760027, 3.391300921328366, 1.4410591125488281, 2.5026073157787323, 1.7577001824975014, 2.4907479286193848, 2.4552396163344383, 4.40424426831305, 2.378326542675495, 1.931521289050579, 2.352333875373006, 1.3368188068270683, 4.522394925355911, 2.33592476695776, 1.4355169162154198, 1.3040849193930626, 3.5445888713002205, 3.8256039805710316, 1.8772982731461525, 2.3776637353003025],[1.5172839909791946, 1.2326420145109296, 1.2230994086712599, 3.2544134333729744, 1.4824320375919342, 1.3721835687756538, 1.25119424238801, 1.3847970739006996, 1.2764290682971478, 1.1676944680511951, 1.4187433049082756, 1.4840704575181007, 1.4593925178050995, 1.3038002252578735, 2.384065844118595, 1.4351859390735626, 1.4258082620799541, 1.4226767122745514, 3.220897749066353, 1.6186066716909409, 1.478816770017147, 3.22960451990366, 1.3954837061464787, 2.309929095208645, 5.0, 1.1269560242071748, 1.3414270132780075, 2.1493079904466867, 1.304810220375657, 0.39098221180029213, 1.4420374780893326, 0.5447204858064651, 1.4349984005093575, 2.273654855787754, 1.3129321113228798, 1.4053901359438896, 1.2172127375379205, 1.3668015040457249, 2.2500055506825447, 1.5285954102873802, 2.3210540413856506, 1.3115376271307468, 0.9903362905606627, 1.4226911514997482, 1.39274263381958, 1.3835937455296516, 1.4632222279906273, 1.3706366270780563, 1.1869097501039505, 1.1214423114433885, 2.3348118886351585, 1.4206664636731148, 1.3758826917037368, 1.4090730920433998],[1.2469632402062416, 1.2492937631905079, 1.2971766516566277, 1.2930795922875404, 1.3458580449223518, 1.3360046818852425, 1.368219181895256, 2.975063867866993, 1.2449940890073776, 1.29751318693161, 1.3090650588274002, 1.315576195716858, 1.2775746583938599, 1.216663882136345, 0.5577496662735939, 1.3071755766868591, 1.2500071749091148, 1.3832827880978584, 1.4513667970895767, 1.2488598003983498, 1.303604044020176, 1.2854954823851585, 1.315576195716858, 2.2987889796495438, 1.1269560242071748, 4.0, 1.2448425441980362, 1.2200232595205307, 1.2286520674824715, 0.3022136501967907, 2.2239987701177597, 0.4048280045390129, 1.321293205022812, 1.2863904684782028, 1.2491155117750168, 1.330417975783348, 1.1274959044530988, 1.240433745086193, 1.2771118357777596, 1.315576195716858, 1.2695706933736801, 1.4000464379787445, 2.070316234603524, 1.2634304612874985, 1.2857675179839134, 0.37156354635953903, 2.2126595601439476, 1.280990332365036, 1.091126523911953, 1.0723719634115696, 1.3217103630304337, 1.3914758041501045, 1.150275032967329, 1.1826523169875145],[1.6156715378165245, 1.2846107296645641, 1.3686517719179392, 1.5017032697796822, 1.6235239282250404, 2.433001257479191, 1.5153269246220589, 2.320754626765847, 1.6689861863851547, 1.33998460508883, 1.6982067450881004, 1.5856296606361866, 1.5286409221589565, 1.4917282313108444, 0.7768238261342049, 1.596487544476986, 1.5445841997861862, 1.7760740518569946, 2.650297001004219, 1.7515306249260902, 1.6720644980669022, 1.353905743220821, 1.5549460910260677, 1.6417374536395073, 1.3414270132780075, 1.2448425441980362, 6.9999998807907104, 1.5906807966530323, 1.3535659844055772, 1.432971227914095, 1.6389997005462646, 0.7119823545217514, 1.7699976786971092, 1.6594799607992172, 1.4355123527348042, 1.522847879678011, 1.2916196063160896, 1.642713762819767, 1.591955590993166, 1.5928210876882076, 1.5596772655844688, 1.5679582059383392, 1.2100209323689342, 1.403571542352438, 1.5704042054712772, 1.5114816054701805, 1.6911744698882103, 1.4522205665707588, 1.294418253004551, 1.287664256989956, 1.6917880848050117, 0.7199191302061081, 1.390517944470048, 1.646537832915783],[3.4538242360576987, 1.538664273917675, 2.071579184383154, 4.109518093056977, 2.4008322006557137, 2.1878285631537437, 2.693022646009922, 1.4714965298771858, 4.780111005529761, 3.4494793117046356, 2.700739497318864, 2.226531209773384, 3.214326923713088, 1.8186329621821642, 2.3153949351981282, 2.252522174268961, 4.348351240158081, 6.03970174031565, 4.745430106297135, 2.359897518530488, 3.191911418456584, 1.5630838400684297, 2.0602597318356857, 2.2388241309672594, 2.1493079904466867, 1.2200232595205307, 1.5906807966530323, 19.999999940395355, 2.5198028795421124, 0.7373677752912045, 3.535519430413842, 3.387400921434164, 2.5700751713011414, 4.278747344156727, 1.8312578089535236, 4.940290625672787, 2.1758727161213756, 3.077800081577152, 1.7743923999369144, 2.3177276015048847, 3.019562540575862, 4.1244269222952425, 1.2297171158716083, 1.975478108972311, 3.9067350532859564, 0.949666753411293, 3.4166011796332896, 2.9228777084499598, 1.3076424803584814, 1.1956640146672726, 3.490604932885617, 3.3312578240875155, 1.63164690323174, 2.8105180310085416],[2.6193210035562515, 1.556644331663847, 2.7122417241334915, 1.6886049173772335, 1.949123278260231, 1.7934402972459793, 2.6073645129799843, 2.3878172114491463, 2.7727170288562775, 3.424345649778843, 3.696337327361107, 1.7418963350355625, 2.70415373519063, 1.5604734867811203, 1.0638106800615788, 1.7952303662896156, 3.5925875790417194, 2.7702032551169395, 2.7105351239442825, 1.8039098158478737, 3.6420274823904037, 1.749535446986556, 1.8286142908036709, 1.854523591697216, 1.304810220375657, 1.2286520674824715, 1.3535659844055772, 2.5198028795421124, 8.999999821186066, 0.7386336685158312, 2.72277295589447, 2.8769609183073044, 2.8226074129343033, 1.905143454670906, 1.6917656660079956, 2.797987535595894, 2.2166735902428627, 1.9070519506931305, 1.6326359305530787, 1.7773720249533653, 2.499509062152356, 2.7450482472777367, 1.3583850041031837, 1.6170333363115788, 3.478395976126194, 0.7020033183507621, 1.8819034025073051, 2.7365600988268852, 1.28332450799644, 1.3016190640628338, 1.9197239577770233, 1.956229493021965, 1.6121710912557319, 1.8503125524148345],[2.6885619536042213, 0.585928266053088, 1.606471050530672, 1.5910095582948998, 2.582576386630535, 0.7881226725876331, 0.6237227898091078, 0.4816669188439846, 0.7364132925868034, 1.4346661623567343, 1.8360279873013496, 0.6637135781347752, 1.6576798260211945, 0.6631897985935211, 3.5940470099449158, 0.8410714641213417, 2.593848206102848, 0.7583555690944195, 0.9800230674445629, 0.8501350432634354, 1.0478685423731804, 0.8102852441370487, 0.6942025236785412, 0.9205150008201599, 0.39098221180029213, 0.3022136501967907, 1.432971227914095, 0.7373677752912045, 0.7386336685158312, 7.999999701976776, 0.7380878627300262, 2.6345031708478928, 1.734839305281639, 0.9330384433269501, 0.5352438079717103, 0.9211750105023384, 0.4089616425335407, 2.564580298960209, 0.6122549353167415, 0.726590845733881, 1.6544175073504448, 0.7507489398121834, 0.4594880975782871, 0.5362952584400773, 2.712350532412529, 4.345581341534853, 1.7048470936715603, 1.772792175412178, 0.514419324696064, 0.4480130560696125, 0.930931381881237, 3.4973910078406334, 0.831525232642889, 0.8159281872212887],[2.798313442617655, 1.6078738048672676, 2.220854565501213, 3.0434303879737854, 3.7746143247932196, 2.4446833292022347, 2.7157767973840237, 2.5730154886841774, 4.079702518880367, 1.6951020509004593, 4.46135519258678, 2.6022798172198236, 3.19062539935112, 2.7448137402534485, 1.8892655363306403, 2.8597130700945854, 3.6468601329252124, 3.436723467428237, 3.803535956889391, 2.612393708899617, 3.5693966392427683, 2.229210764169693, 2.4128312384709716, 2.488659241818823, 1.4420374780893326, 2.2239987701177597, 1.6389997005462646, 3.535519430413842, 2.72277295589447, 0.7380878627300262, 18.99999976158142, 2.774357460439205, 6.2462326210225, 4.1709940620930865, 1.9234315231442451, 2.6136536486446857, 1.384159430861473, 4.176976547110826, 1.8057746700942516, 2.484528776491061, 3.274635959416628, 4.327913605608046, 1.5608718246221542, 2.808626167476177, 3.2487327232956886, 1.017607276327908, 4.663425259292126, 3.3523957580327988, 1.469762459397316, 1.2938570752739906, 5.409350053872913, 1.9162517227232456, 1.7974699512124062, 3.925408896058798],[2.816346302628517, 0.8312438502907753, 3.0472503639757633, 1.5153045356273651, 3.79316235659644, 2.6909344121813774, 1.9237766787409782, 1.5408319234848022, 3.2570536732673645, 3.431427486240864, 3.7660441789776087, 1.7309412844479084, 2.502003565430641, 1.1132441945374012, 4.014670595293865, 1.811491550412029, 5.063470091670752, 5.557264170842245, 4.214769247919321, 1.7505239732563496, 3.485400840640068, 2.1179875694215298, 1.9864880740642548, 2.9665527176111937, 0.5447204858064651, 0.4048280045390129, 0.7119823545217514, 3.387400921434164, 2.8769609183073044, 2.6345031708478928, 2.774357460439205, 20.999999701976776, 5.6005706479772925, 1.5708234334597364, 1.1682485416531563, 4.263614727300592, 2.29511808604002, 2.619875531643629, 0.9724221453070641, 1.918507568538189, 2.414126830175519, 2.574728462845087, 0.5207256972789764, 1.2820703238248825, 4.3726784363389015, 3.0491145998239517, 3.035845465026796, 2.4503516890108585, 0.6329361498355865, 0.49949197471141815, 2.8488469272851944, 5.88512678258121, 1.142592303454876, 3.1515118330717087],[3.658228205051273, 1.5826624184846878, 4.026836179196835, 2.3619579151272774, 4.1502529802965, 4.398805960547179, 1.9911022037267685, 1.683422364294529, 3.4055982269346714, 2.5297770872712135, 5.790732800262049, 2.844582149758935, 3.3860344775021076, 1.9825986251235008, 2.252738682553172, 3.025303527712822, 4.758545004762709, 4.472628496820107, 5.077416844666004, 2.700235817581415, 4.698930891230702, 3.0468853265047073, 3.0276166312396526, 2.7542257285676897, 1.4349984005093575, 1.321293205022812, 1.7699976786971092, 2.5700751713011414, 2.8226074129343033, 1.734839305281639, 6.2462326210225, 5.6005706479772925, 21.999999701976776, 3.1539353793486953, 1.9816642627120018, 3.4876192715018988, 1.46064942330122, 6.336508711799979, 2.7260051667690277, 3.0340405106544495, 3.2132222428917885, 2.6769786961376667, 1.4832232594490051, 1.8924697302281857, 5.07047167327255, 2.125771038234234, 3.9858651868999004, 2.327086228877306, 1.3317007906734943, 1.3365506008267403, 4.8121727500110865, 2.6381965950131416, 1.969864696264267, 3.2335469983518124],[3.5735710375010967, 1.5877972580492496, 2.7897198582068086, 3.9707865095697343, 2.7145133540034294, 2.301175530999899, 1.5940657574683428, 1.5376266539096832, 2.0292029986158013, 1.6418052986264229, 4.146507702767849, 2.5337566174566746, 2.2870515631511807, 2.6633673682808876, 2.301011830335483, 2.3681853702291846, 3.44821616075933, 3.3246691450476646, 5.225289572030306, 2.6192996576428413, 2.2474580376874655, 2.78760202229023, 2.4870134005323052, 4.862119624391198, 2.273654855787754, 1.2863904684782028, 1.6594799607992172, 4.278747344156727, 1.905143454670906, 0.9330384433269501, 4.1709940620930865, 1.5708234334597364, 3.1539353793486953, 15.999999701976776, 1.804897839203477, 3.0673744496889412, 1.4068862348794937, 3.0725370598956943, 1.5699931411072612, 2.4393649213016033, 2.972766436636448, 2.903500309213996, 1.3280380479991436, 1.9869121927767992, 2.2899010684341192, 0.9311296110972762, 2.4454622212797403, 1.9636931694112718, 1.3618128299713135, 1.266591913998127, 4.901450029108673, 3.450222760438919, 1.8489965423941612, 1.8857518136501312],[1.6724613271653652, 1.2790515162050724, 1.7874394431710243, 1.762536559253931, 1.8861109241843224, 1.893400862812996, 1.536140379263088, 1.535277308896184, 1.8010588828474283, 1.5243203714489937, 2.0218720212578773, 1.8473144751042128, 1.9814548529684544, 1.6434450075030327, 1.1489782482385635, 1.8018707875162363, 1.9989411160349846, 2.0454288870096207, 1.9683703407645226, 1.77925088070333, 2.7312358878552914, 1.5689799394458532, 1.8452689182013273, 2.699274379760027, 1.3129321113228798, 1.2491155117750168, 1.4355123527348042, 1.8312578089535236, 1.6917656660079956, 0.5352438079717103, 1.9234315231442451, 1.1682485416531563, 1.9816642627120018, 1.804897839203477, 9.999999940395355, 2.8029509000480175, 1.3613341003656387, 1.9645629115402699, 1.4980812333524227, 1.9054771196097136, 1.7258011770900339, 2.7721118927001953, 1.2343841213732958, 1.6422036588191986, 2.048121213912964, 0.7060558348894119, 1.99787949770689, 1.7867222055792809, 1.3369892463088036, 2.1917985379695892, 2.833464652299881, 0.9953744187951088, 1.6606939993798733, 1.8963716067373753],[3.4030193788930774, 1.634183593094349, 3.065435867756605, 2.3485744390636683, 2.850663997232914, 3.2640768699347973, 2.961960770189762, 1.5177253037691116, 2.9946120642125607, 2.484352618455887, 3.5052682869136333, 2.547295890748501, 4.021760019273643, 1.7990594282746315, 2.5768947303295135, 2.445452504325658, 4.538935221731663, 6.1815416775643826, 3.7536257952451706, 2.5014520748518407, 5.1473540887236595, 1.9074938744306564, 2.431174161261879, 3.391300921328366, 1.4053901359438896, 1.330417975783348, 1.522847879678011, 4.940290625672787, 2.797987535595894, 0.9211750105023384, 2.6136536486446857, 4.263614727300592, 3.4876192715018988, 3.0673744496889412, 2.8029509000480175, 16.999999821186066, 3.1310503482818604, 3.386732641607523, 3.6743021607398987, 2.5877721197903156, 3.9130612140288576, 3.454811919480562, 1.4175022542476654, 2.2052623704075813, 5.150627866387367, 1.3409853726625443, 3.6036461796611547, 2.4418578892946243, 1.5109265074133873, 2.2497232630848885, 2.587712561711669, 3.612894082441926, 1.8396600894629955, 3.040043248794973],[1.372328795492649, 2.2331969756633043, 1.3583976924419403, 1.3994225189089775, 1.3929045274853706, 1.4151172563433647, 2.282958060503006, 1.114795759320259, 3.193934828042984, 2.124045580625534, 1.4899716079235077, 1.3282070495188236, 2.252862300723791, 1.3614690899848938, 0.6159646362066269, 1.4264083877205849, 2.3019222542643547, 3.2724321335554123, 2.3845389261841774, 1.443752072751522, 2.2689266465604305, 1.2844972806051373, 1.36271595582366, 1.4410591125488281, 1.2172127375379205, 1.1274959044530988, 1.2916196063160896, 2.1758727161213756, 2.2166735902428627, 0.4089616425335407, 1.384159430861473, 2.29511808604002, 1.46064942330122, 1.4068862348794937, 1.3613341003656387, 3.1310503482818604, 4.999999940395355, 1.4327539950609207, 1.3507777154445648, 1.3347322419285774, 2.293032519519329, 2.292791523039341, 2.098077510483563, 1.4111506342887878, 2.3314936608076096, 0.5063978508114815, 1.3820441886782646, 1.4525265544652939, 1.2852456122636795, 1.157070486806333, 1.5371726900339127, 1.5008679777383804, 1.2897931039333344, 1.4957206845283508],[4.091125821694732, 1.507266465574503, 3.8423765804618597, 3.9875006787478924, 5.265818381682038, 3.2730099111795425, 2.808369930833578, 1.5134765058755875, 2.2830610796809196, 2.5304180160164833, 3.7886353470385075, 2.360577791929245, 5.965708680450916, 2.9572397470474243, 2.5308147817850113, 2.494683774188161, 6.132826442597434, 2.527574673295021, 2.733439691364765, 2.534482588991523, 3.244410028681159, 1.8826533649116755, 2.4265563897788525, 2.5026073157787323, 1.3668015040457249, 1.240433745086193, 1.642713762819767, 3.077800081577152, 1.9070519506931305, 2.564580298960209, 4.176976547110826, 2.619875531643629, 6.336508711799979, 3.0725370598956943, 1.9645629115402699, 3.386732641607523, 1.4327539950609207, 16.999999821186066, 2.570257678627968, 2.509369568899274, 3.0900068040937185, 3.5998121462762356, 1.3947915732860565, 1.9136462472379208, 3.839987624436617, 2.8396389884874225, 3.714176034554839, 2.3015476486179978, 1